Time (seconds), CO conc (ppm), Ethylene conc (ppm), sensor readings (16 channels) 
0.00    0.00    0.00    -50.85  -1.95   -41.82  1.30    -4.07   -28.73  -13.49  -3.25   55139.95 50669.50 9626.26 9762.62 24544.02 21420.68 7650.61 6928.42
0.01    0.00    0.00    -49.40  -5.53   -42.78  0.49    3.58    -34.55  -9.59   5.37    54395.77 50046.91 9433.20 9591.21 24137.13 20930.33 7498.79 6800.66
0.01    0.00    0.00    -40.04  -16.09  -27.59  0.00    -7.16   -42.14  -12.52  -5.86   53960.02 49299.30 9324.40 9449.81 23628.90 20504.94 7369.67 6697.47
0.03    0.00    0.00    -47.14  -10.57  -32.28  4.40    -11.22  -37.94  -7.16   -1.14   53047.71 48907.00 9170.64 9305.58 23101.66 20101.42 7285.13 6578.52
0.04    0.00    0.00    -33.58  -20.79  -33.25  6.03    3.42    -34.22  -14.46  8.31    52700.28 48330.96 9073.64 9163.47 22689.54 19694.07 7156.74 6468.32
0.05    0.00    0.00    -48.59  -11.54  -36.16  6.03    0.33    -29.05  -16.74  -1.14   51910.52 47609.00 8982.88 9021.08 22159.12 19332.57 7067.61 6385.31
0.06    0.00    0.00    -48.27  -9.11   -31.31  5.37    -7.97   -30.34  -8.62   7.00    51458.44 47047.36 8860.51 8966.48 21931.81 19027.69 6976.13 6300.97
0.07    0.00    0.00    -47.14  -4.56   -16.57  4.40    -2.28   -24.35  -13.17  -6.34   51043.22 46757.50 8776.93 8868.04 21504.46 18780.21 6900.01 6248.81
0.07    0.00    0.00    -42.30  -2.77   -20.79  23.98   -2.12   -27.59  -6.83   -0.81   50353.63 46196.84 8709.46 8775.21 21124.62 18439.18 6827.34 6183.33
